image: floorplan_walkable_map.pgm
resolution: 0.050000
origin: [-14.000000, -14.000000, 0.0]
negate: 0
occupied_thresh: 0.65
free_thresh: 0.196
